4.651856045004870710e-01 7.576492786407470703e+00 4.651856045004870710e-01
7.641713216715642076e-01 1.260390162467956543e+00 7.641713216715642076e-01
8.428704004393294813e-01 9.659408330917358398e-01 8.428704004393294813e-01
8.834882883971073575e-01 8.568646907806396484e-01 8.834882883971073575e-01
9.109059124667664431e-01 7.968917489051818848e-01 9.109059124667664431e-01
9.387700605794186970e-01 7.398521304130554199e-01 9.387700605794186970e-01
9.508009628154050485e-01 7.137454748153686523e-01 9.508009628154050485e-01
9.544937381025928591e-01 7.007612586021423340e-01 9.544937381025928591e-01
9.551868321940865103e-01 6.917912960052490234e-01 9.551868321940865103e-01
9.560272412668742170e-01 6.895686984062194824e-01 9.560272412668742170e-01
9.569445462022024840e-01 6.859511137008666992e-01 9.569445462022024840e-01
9.578566944943881500e-01 6.870855093002319336e-01 9.578566944943881500e-01
9.583454205048592689e-01 6.824516057968139648e-01 9.583454205048592689e-01
9.587740406828617612e-01 6.855556964874267578e-01 9.587740406828617612e-01
9.591928013591757285e-01 6.862155795097351074e-01 9.591928013591757285e-01
9.602344020208102293e-01 6.829832196235656738e-01 9.602344020208102293e-01
9.607235405627325697e-01 6.826918721199035645e-01 9.607235405627325697e-01
9.608945348493368455e-01 6.765430569648742676e-01 9.608945348493368455e-01
9.612455578613313678e-01 6.763247847557067871e-01 9.612455578613313678e-01
9.614949331237014896e-01 6.772297024726867676e-01 9.614949331237014896e-01
9.617073455680260619e-01 6.746234893798828125e-01 9.617073455680260619e-01
9.622074574465555585e-01 6.779398322105407715e-01 9.622074574465555585e-01
9.629781899572024129e-01 6.668521761894226074e-01 9.629781899572024129e-01
9.635738028667304444e-01 6.709432601928710938e-01 9.635738028667304444e-01
9.637270583009247549e-01 6.721209287643432617e-01 9.637270583009247549e-01
9.642797679395076482e-01 6.708222031593322754e-01 9.642797679395076482e-01
9.645485321800932876e-01 6.710088253021240234e-01 9.645485321800932876e-01
9.649257096861064698e-01 6.709316372871398926e-01 9.649257096861064698e-01
9.650853593577973788e-01 6.706405878067016602e-01 9.650853593577973788e-01
9.652522695830330068e-01 6.645973920822143555e-01 9.652522695830330068e-01
9.655167847496692879e-01 6.758056879043579102e-01 9.655167847496692879e-01
9.658063818285504976e-01 6.663044691085815430e-01 9.658063818285504976e-01
9.659006865183401569e-01 6.624376177787780762e-01 9.659006865183401569e-01
9.660592636082574458e-01 6.695953607559204102e-01 9.660592636082574458e-01
9.662879297917673638e-01 6.686464548110961914e-01 9.662879297917673638e-01
9.665415541280867329e-01 6.698201298713684082e-01 9.665415541280867329e-01
9.665939868755595299e-01 6.632868051528930664e-01 9.665939868755595299e-01
9.666824748718841898e-01 6.688563823699951172e-01 9.666824748718841898e-01
9.667794197629626662e-01 6.704305410385131836e-01 9.667794197629626662e-01
9.669613873861742093e-01 6.657769083976745605e-01 9.669613873861742093e-01
9.668330488516444499e-01 6.650441884994506836e-01 9.668330488516444499e-01
9.672431051143338676e-01 6.682236790657043457e-01 9.672431051143338676e-01
9.670609105988240417e-01 6.659696102142333984e-01 9.670609105988240417e-01
9.674044049118304400e-01 6.676952838897705078e-01 9.674044049118304400e-01
9.673393899550901676e-01 6.600892543792724609e-01 9.673393899550901676e-01
9.673881924257905496e-01 6.630114912986755371e-01 9.673881924257905496e-01
9.674180597028716466e-01 6.668857932090759277e-01 9.674180597028716466e-01
9.673766415451513501e-01 6.672321557998657227e-01 9.673766415451513501e-01
9.675291956758783618e-01 6.670708060264587402e-01 9.675291956758783618e-01
9.676646710045173627e-01 6.628425121307373047e-01 9.676646710045173627e-01
