-1.555063724517822266e-01 -4.848632961511611938e-02 4.300776422023773193e-01 5.301733016967773438e-01
-2.875202655792236328e+00 2.827002763748168945e+00 3.579128086566925049e-01 -3.028650283813476562e-01
-4.227236747741699219e+00 4.252319812774658203e+00 3.314271271228790283e-01 6.296713352203369141e-01
2.602474212646484375e+00 -2.230360269546508789e+00 -3.455339670181274414e-01 -3.859311938285827637e-01
1.970083713531494141e-01 -3.055890500545501709e-01 3.338264226913452148e-01 2.958288192749023438e-01
-3.780300617218017578e+00 3.795718908309936523e+00 5.847751498222351074e-01 1.875498592853546143e-01
3.838936388492584229e-01 -5.053906440734863281e-01 1.192775294184684753e-01 5.998334288597106934e-01
1.385699361562728882e-01 -2.832705378532409668e-01 1.643137633800506592e-01 5.185964703559875488e-01
-1.273450970649719238e+00 1.357907414436340332e+00 -3.455954790115356445e-01 -2.253059297800064087e-01
1.912698000669479370e-01 -2.823550701141357422e-01 1.684620022773742676e+00 -8.212353587150573730e-01
3.144849538803100586e-01 -3.687470257282257080e-01 -5.631869286298751831e-02 4.568170905113220215e-01
-9.691326618194580078e-01 9.174811840057373047e-01 -4.228943884372711182e-01 -3.757697716355323792e-02
-1.439815163612365723e-01 1.044597520376555622e-04 2.852421700954437256e-01 3.295164108276367188e-01
1.400895416736602783e-01 -2.804125845432281494e-01 7.904552221298217773e-01 2.855265438556671143e-01
-2.032479763031005859e+00 2.141042709350585938e+00 -1.914404928684234619e-01 -4.495665431022644043e-01
1.789707988500595093e-01 -2.841734886169433594e-01 -2.118588089942932129e-01 -1.128902554512023926e+00
-1.529386758804321289e+00 1.602259159088134766e+00 -2.647995650768280029e-01 -3.093826472759246826e-01
-1.503300070762634277e+00 1.738482832908630371e+00 -2.923866808414459229e-01 -2.854257524013519287e-01
1.934939473867416382e-01 -2.789026796817779541e-01 -1.371854394674301147e-01 5.247980952262878418e-01
-2.019158363342285156e+00 2.011266708374023438e+00 1.078658830374479294e-02 -4.638431966304779053e-01
3.265777587890625000e+00 -2.886425495147705078e+00 -6.320328712463378906e-01 -5.266115069389343262e-01
-1.579311609268188477e+00 1.779998421669006348e+00 -1.247066482901573181e-01 -1.927018165588378906e-01
2.299591302871704102e+00 -1.959368944168090820e+00 -6.580157577991485596e-02 -2.648716568946838379e-01
2.428302466869354248e-01 -3.056387603282928467e-01 8.231368660926818848e-02 4.564163088798522949e-01
1.878300458192825317e-01 -2.519114911556243896e-01 -1.317628026008605957e-01 5.770784020423889160e-01
1.231536641716957092e-01 -2.804316282272338867e-01 2.431009560823440552e-01 4.950290322303771973e-01
2.172541856765747070e+00 -1.895334362983703613e+00 -2.811394333839416504e-01 -2.040753215551376343e-01
2.242906689643859863e-01 -3.985498249530792236e-01 6.330965757369995117e-01 2.829173803329467773e-01
2.406875640153884888e-01 -2.795294225215911865e-01 1.534502983093261719e+00 -1.288792848587036133e+00
-1.279515504837036133e+00 1.310204982757568359e+00 -4.873950779438018799e-01 -2.662635147571563721e-01
1.815396070480346680e+00 -1.763602018356323242e+00 1.247397065162658691e-02 -3.540076017379760742e-01
1.679888665676116943e-01 -1.693871766328811646e-01 -7.577169686555862427e-02 5.690425038337707520e-01
2.455684691667556763e-01 -2.994526624679565430e-01 -1.022149622440338135e-01 6.096295118331909180e-01
1.929244250059127808e-01 -2.816221714019775391e-01 1.742849111557006836e+00 -3.828203976154327393e-01
1.873065382242202759e-01 -2.845474183559417725e-01 1.646704912185668945e+00 2.436619102954864502e-01
1.199168339371681213e-01 -2.816270291805267334e-01 -1.284156888723373413e-01 6.504607200622558594e-01
1.875264346599578857e-01 -2.805446982383728027e-01 -1.497522443532943726e-01 5.819609165191650391e-01
-1.737447977066040039e+00 1.600890874862670898e+00 -7.577256113290786743e-02 -4.010279178619384766e-01
4.175383150577545166e-01 -4.973807036876678467e-01 -1.528701335191726685e-01 7.145679593086242676e-01
2.417262792587280273e-01 -2.837922871112823486e-01 -9.478143453598022461e-01 -5.538086891174316406e-01
1.904751062393188477e-01 -2.834936678409576416e-01 -8.906764388084411621e-01 2.441553115844726562e+00
2.102212458848953247e-01 -2.820308506488800049e-01 -9.535431265830993652e-01 -4.972786605358123779e-01
1.436560153961181641e-01 -2.506600320339202881e-01 -9.710674881935119629e-01 -1.210380867123603821e-01
1.406711339950561523e-01 -2.825636267662048340e-01 6.171137467026710510e-02 -1.175786256790161133e+00
1.962144374847412109e-01 -3.057460188865661621e-01 -1.060170292854309082e+00 -1.215846538543701172e-01
1.856108009815216064e-01 -2.813773751258850098e-01 2.089158058166503906e+00 1.543592095375061035e+00
2.084760963916778564e-01 -3.128758370876312256e-01 -1.314314752817153931e-01 6.283304691314697266e-01
1.886432170867919922e-01 -3.016670346260070801e-01 -1.013476371765136719e+00 -5.514551997184753418e-01
1.762518137693405151e-01 -2.925752997398376465e-01 -7.693523764610290527e-01 4.330930411815643311e-01
1.722304672002792358e-01 -2.848835885524749756e-01 6.852600723505020142e-02 -1.302166581153869629e+00
1.218924298882484436e-02 -1.375093907117843628e-01 6.655713319778442383e-01 -1.006244540214538574e+00
1.846686452627182007e-01 -3.036758899688720703e-01 -8.175248503684997559e-01 2.539567649364471436e-01
1.996402442455291748e-01 -3.655069172382354736e-01 -1.096534609794616699e+00 -5.034494996070861816e-01
1.753217279911041260e-01 -2.823771238327026367e-01 7.579329013824462891e-01 -4.086338281631469727e-01
1.823109835386276245e-01 -2.813181281089782715e-01 1.716343879699707031e+00 2.167588949203491211e+00
1.307354569435119629e-01 5.468056797981262207e-01 -3.734471276402473450e-02 1.327522516250610352e+00
1.962732821702957153e-01 -2.827781438827514648e-01 -1.371874094009399414e+00 1.776967763900756836e+00
-7.171108722686767578e-01 5.925799608230590820e-01 -5.956773757934570312e-01 8.606135845184326172e-02
1.569299846887588501e-01 -2.831358015537261963e-01 -2.513238489627838135e-01 7.641994953155517578e-01
1.331319659948348999e-01 -2.828177511692047119e-01 5.595358610153198242e-01 -7.738131284713745117e-01
1.954423785209655762e-01 -2.882436811923980713e-01 6.539505124092102051e-01 -1.104963541030883789e+00
1.133081316947937012e-02 -2.825684845447540283e-01 -1.067052632570266724e-01 7.095274925231933594e-01
5.301750898361206055e-01 -4.378833174705505371e-01 -1.028513908386230469e+00 -3.635220229625701904e-01
1.876614540815353394e-01 -2.807149291038513184e-01 2.192917346954345703e+00 1.230195403099060059e+00
1.653830260038375854e-01 -2.885013818740844727e-01 2.248718738555908203e-01 -1.098394393920898438e+00
-2.779070287942886353e-02 -6.858333945274353027e-02 -9.129633903503417969e-01 -6.954923272132873535e-01
1.951432973146438599e-01 -2.814341783523559570e-01 -1.078134894371032715e+00 2.246144771575927734e+00
1.368862688541412354e-01 -2.827312350273132324e-01 -9.918568134307861328e-01 -5.683479309082031250e-01
4.758439958095550537e-01 -4.670434594154357910e-01 -1.050533175468444824e+00 -2.792335748672485352e-01
-1.412721872329711914e+00 1.436144948005676270e+00 -3.558380007743835449e-01 -4.569339156150817871e-01
7.206128537654876709e-02 -2.810619473457336426e-01 -1.107207775115966797e+00 -5.041854977607727051e-01
1.696849763393402100e-01 -2.824681401252746582e-01 4.911545217037200928e-01 2.864346981048583984e+00
1.833240538835525513e-01 -2.813130915164947510e-01 -3.043293356895446777e-01 2.809509992599487305e+00
1.950720101594924927e-01 -2.823586165904998779e-01 -2.753353416919708252e-01 -1.403661608695983887e+00
2.054059803485870361e-01 -3.081441223621368408e-01 -8.176560997962951660e-01 -1.000492930412292480e+00
1.374090313911437988e-01 5.998865365982055664e-01 -6.050344705581665039e-01 -2.059234380722045898e+00
-8.863489329814910889e-02 2.032461576163768768e-02 -1.096794009208679199e+00 -9.322683215141296387e-01
1.926694661378860474e-01 -2.819230258464813232e-01 -1.218223571777343750e+00 8.603686839342117310e-02
4.750855267047882080e-01 -2.810413837432861328e-01 7.006604075431823730e-01 -1.669551730155944824e+00
1.301387697458267212e-01 2.737310826778411865e-01 -1.572122216224670410e+00 -1.992752075195312500e+00
-1.437152363359928131e-02 -1.234549805521965027e-01 -6.664757132530212402e-01 -1.025546789169311523e+00
2.092971950769424438e-01 -2.881842553615570068e-01 -1.165029883384704590e+00 -1.117464303970336914e+00
1.340473443269729614e-01 5.586497783660888672e-01 -2.195819139480590820e+00 1.321898251771926880e-01
2.107153385877609253e-01 -2.841925621032714844e-01 -7.835594415664672852e-01 -1.194625377655029297e+00
7.835995405912399292e-02 -2.685114443302154541e-01 -1.152465105056762695e+00 -3.651551008224487305e-01
1.953190565109252930e-01 -2.820702791213989258e-01 2.213658809661865234e+00 -6.457340121269226074e-01
1.896875947713851929e-01 -2.814001739025115967e-01 2.293773174285888672e+00 6.748571991920471191e-01
1.887212991714477539e-01 -2.825813889503479004e-01 2.341986894607543945e+00 3.280132263898849487e-02
1.890362203121185303e-01 -2.811794877052307129e-01 2.332991361618041992e+00 3.609561622142791748e-01
1.922138482332229614e-01 -2.816505730152130127e-01 2.299450874328613281e+00 -3.054005503654479980e-01
1.322079151868820190e-01 2.696767747402191162e-01 1.016621112823486328e+00 -7.678258419036865234e-01
1.866661161184310913e-01 -2.810240089893341064e-01 1.874925017356872559e+00 1.625095367431640625e+00
1.895778328180313110e-01 -2.807709872722625732e-01 1.566444277763366699e+00 1.939522981643676758e+00
1.353417783975601196e-01 8.686018586158752441e-01 4.414751231670379639e-01 1.506335020065307617e+00
1.655836850404739380e-01 -1.300325840711593628e-01 5.077151060104370117e-01 -1.219022393226623535e+00
1.397304832935333252e-01 8.542615771293640137e-01 -2.499961704015731812e-01 1.680502533912658691e+00
4.818541407585144043e-01 -2.817808389663696289e-01 1.104707643389701843e-01 -1.895383119583129883e+00
2.240356951951980591e-01 -4.340001642704010010e-01 -1.219602465629577637e+00 -4.541389942169189453e-01
1.311827749013900757e-01 -2.510733902454376221e-01 -1.221009969711303711e+00 -1.066705211997032166e-01
4.772545993328094482e-01 -2.835977673530578613e-01 -1.410939216613769531e+00 -3.274986445903778076e-01
