1 0 0 0 -2 1.2673E+11
0 1 0 0 -0.151225 2.45599E+12
0 0 1 0 1.16379 1.04824E+13
0 0 0 1 1.15748 2.85217E+12
0 0 0 1 0.4937 2.2963E+11
0 1 0 0 1.30167 1.74276E+13
1 0 0 0 -0.204966 3.50905E+11
0 1 0 0 -0.502072 5.2632E+11
0 0 0 1 0.90581 5.30771E+11
0 1 0 0 -1.18122 32996187988
0 1 0 0 0.411362 1.79927E+12
0 0 0 1 1.99456 7.09183E+11
0 1 0 0 -0.532363 2.60584E+11
0 1 0 0 -0.194463 3.78196E+11
0 0 0 1 1.81367 3.89061E+12
1 0 0 0 -1.77252 2.1381E+11
0 0 0 1 0.701443 1.37691E+12
0 0 0 1 1.40296 3.02283E+12
0 0 1 0 -0.102013 8.90815E+11
0 0 1 0 -0.014696 2.03913E+12
0 0 0 1 1.24155 2.15173E+12
0 0 1 0 2.31842 4.85041E+12
0 0 1 0 1.90646 1.41133E+12
0 1 0 0 0.953003 1.31439E+12
0 0 1 0 0.828817 3.38062E+11
1 0 0 0 -1.72001 5.68499E+11
0 0 0 1 0.756212 8.79635E+11
0 1 0 0 -0.956349 2.01081E+11
0 1 0 0 -1.10231 30881166852
0 0 0 1 0.008439 2.06366E+12
0 0 1 0 -0.369927 7.5635E+11
0 0 1 0 1.71171 3.11539E+11
0 0 1 0 0.955651 4.07339E+11
0 1 0 0 -0.349791 57236013086
0 1 0 0 -2 4.82359E+11
0 0 1 0 -0.129961 1.86205E+11
0 0 0 0 -2 0
0 0 1 0 -0.362895 4.03137E+11
0 0 1 0 -0.846322 1.46496E+12
0 0 0 1 1.64981 4.41885E+11
1 0 0 0 -0.730753 14177440000
0 0 0 1 1.52129 2.07818E+11
0 0 0 1 0.95349 3.52994E+11
1 0 0 0 -0.341403 3.0553E+11
0 0 0 1 1.49895 2.72609E+11
1 0 0 0 -1.47184 39086625009
0 0 1 0 1.35236 2.91459E+11
0 0 0 1 1.38229 1.40118E+11
0 0 0 1 1.22044 2.58099E+11
0 0 1 0 -2 4.34475E+11
0 0 1 0 -2 2.34648E+11
0 0 1 0 1.14081 3.08417E+11
0 0 1 0 -1.00924 2.21416E+11
0 0 1 0 -0.836979 1.62631E+11
0 0 1 0 -2 13268458232
0 0 1 0 -2 65446400000
0 0 1 0 -1.55696 12226514722
0 0 0 1 0.667969 4.99339E+11
0 0 1 0 -0.119421 2.00955E+11
0 0 1 0 -0.774658 81076723017
0 0 1 0 -0.86519 2.44361E+11
0 0 1 0 0.477815 2.84585E+11
0 0 0 1 0.839266 5.4518E+11
0 0 1 0 -2 0
0 0 1 0 -0.264365 2.06225E+11
0 0 0 1 -2 1.99493E+11
1 0 0 0 -1.84461 82151588419
0 0 0 1 1.20436 1.00948E+11
0 0 0 1 1.6459 5.73818E+11
0 0 0 1 0.378481 9.34186E+11
0 0 0 1 0.268345 1.33503E+11
0 0 1 0 -2 63067077179
0 0 1 0 -2 43228582065
1 0 0 0 -0.559651 1.09881E+11
0 0 0 1 0.290812 56731990232
1 0 0 0 -1.17654 35372603446
0 0 0 1 1.41088 49904928335
1 0 0 0 0.214778 47587913059
1 0 0 0 -1.03347 48219734752
0 0 0 1 -0.542079 13228244357
0 0 0 1 -0.167862 2.3703E+11
0 0 0 1 0.837178 57629518806
1 0 0 0 -2 41142722414
0 0 0 1 0.366673 44210806366
0 0 0 1 0.63807 48516371721
0 1 0 0 0.093993 50577769838
0 1 0 0 -0.40546 66065015410
0 1 0 0 -1.30875 1.01726E+11
0 1 0 0 -0.412311 58722323918
0 1 0 0 -0.370913 19756494435
0 0 1 0 -0.010019 35826925775
0 1 0 0 -0.070683 22585841200
0 1 0 0 -2 27199856454
1 0 0 0 -1.2084 16961117243
0 0 1 0 -2 33387712766
0 0 1 0 -2 23060047128
0 0 1 0 -1.7818 75244294275
0 0 0 1 0.731427 78813839984
0 0 0 1 0.752262 26224622451
0 0 0 1 0.431584 31335013752
