0 1
0 2
0 3
0 4
0 5
0 6
1 0
1 7
1 8
1 9
1 10
1 11
1 12
1 2
1 13
1 14
1 15
1 16
1 3
1 17
1 18
1 19
1 20
1 21
1 22
1 23
1 24
1 25
1 26
1 27
1 4
1 28
1 29
1 30
1 31
1 32
1 33
1 5
1 34
1 35
1 36
2 0
2 1
2 37
2 7
2 38
2 39
2 8
2 10
2 11
2 12
2 40
2 13
2 41
2 14
2 42
2 15
2 43
2 16
2 44
2 3
2 17
2 45
2 46
2 47
2 18
2 19
2 48
2 49
2 50
2 51
2 20
2 21
2 52
2 22
2 53
2 54
2 23
2 55
2 56
2 24
2 25
2 26
2 57
2 58
2 59
2 60
2 27
2 61
2 62
2 63
2 4
2 64
2 65
2 29
2 30
2 66
2 31
2 67
2 68
2 32
2 69
2 70
2 33
2 5
2 71
2 34
2 35
2 36
2 72
2 6
16 1
16 2
16 7
16 39
16 8
16 10
16 11
16 12
16 41
16 14
16 42
16 15
16 44
16 3
16 17
16 47
16 19
16 48
16 51
16 20
16 21
16 22
16 73
16 23
16 26
16 57
16 62
16 4
16 65
16 29
16 30
16 67
16 68
16 69
16 5
16 36
16 6
3 0
3 1
3 2
3 16
3 37
3 38
3 39
3 74
3 8
3 10
3 11
3 12
3 75
3 41
3 14
3 42
3 15
3 43
3 44
3 17
3 47
3 18
3 19
3 48
3 51
3 20
3 21
3 52
3 22
3 73
3 23
3 24
3 25
3 26
3 57
3 62
3 4
3 65
3 29
3 30
3 31
3 67
3 76
3 68
3 32
3 77
3 69
3 5
3 35
3 36
3 6
19 1
19 2
19 16
19 3
19 37
19 38
19 8
19 10
19 11
19 13
19 14
19 43
19 17
19 46
19 18
19 49
19 51
19 20
19 21
19 22
19 53
19 23
19 24
19 25
19 26
19 59
19 64
19 29
19 30
19 31
19 32
19 69
19 78
19 5
19 35
19 36
19 6
20 1
20 2
20 16
20 3
20 19
20 79
20 7
20 39
20 74
20 8
20 10
20 11
20 12
20 41
20 14
20 42
20 15
20 43
20 44
20 17
20 80
20 81
20 47
20 18
20 48
20 50
20 51
20 21
20 52
20 22
20 82
20 23
20 25
20 26
20 57
20 62
20 4
20 64
20 65
20 29
20 30
20 83
20 67
20 76
20 68
20 32
20 77
20 69
20 70
20 5
20 35
20 36
20 6
26 1
26 2
26 16
26 3
26 19
26 20
26 38
26 39
26 8
26 10
26 11
26 41
26 14
26 42
26 15
26 44
26 17
26 46
26 47
26 48
26 51
26 21
26 22
26 84
26 23
26 24
26 25
26 57
26 62
26 4
26 65
26 29
26 30
26 31
26 67
26 68
26 32
26 69
26 5
26 36
26 6
4 0
4 1
4 2
4 16
4 3
4 20
4 26
4 8
4 14
4 17
4 5
5 0
5 1
5 2
5 16
5 3
5 19
5 20
5 26
5 4
5 37
5 7
5 38
5 39
5 8
5 9
5 10
5 11
5 12
5 13
5 85
5 41
5 14
5 42
5 86
5 15
5 87
5 43
5 44
5 17
5 88
5 46
5 89
5 47
5 18
5 48
5 50
5 51
5 90
5 21
5 52
5 22
5 53
5 23
5 24
5 25
5 57
5 58
5 60
5 27
5 61
5 62
5 29
5 30
5 31
5 91
5 68
5 32
5 92
5 69
5 34
5 35
5 36
5 6
6 0
6 2
6 16
6 3
6 19
6 20
6 26
6 5
6 37
6 8
6 10
6 14
6 17
6 21
6 22
6 93
6 25
6 31
6 32
79 20
37 2
37 3
37 19
37 5
37 6
37 38
37 94
37 8
37 11
37 17
37 46
37 18
37 21
37 22
37 24
37 59
37 60
37 64
37 31
37 32
37 69
38 2
38 3
38 19
38 26
38 5
38 37
38 8
38 10
38 14
38 17
38 46
38 18
38 21
38 22
38 24
38 58
38 61
38 95
38 31
38 32
38 35
38 36
94 37
94 30
8 1
8 2
8 16
8 3
8 19
8 20
8 26
8 4
8 5
8 6
8 37
8 38
8 39
8 10
8 11
8 41
8 14
8 42
8 15
8 44
8 17
8 47
8 48
8 51
8 21
8 22
8 23
8 57
8 62
8 65
8 29
8 30
8 31
8 67
8 68
8 32
8 69
11 1
11 2
11 16
11 3
11 19
11 20
11 26
11 5
11 37
11 8
11 39
11 10
11 41
11 14
11 17
11 46
11 48
11 21
11 23
11 62
11 29
11 31
11 68
11 32
11 69
11 36
43 2
43 3
43 19
43 20
43 5
43 14
43 17
43 30
43 69
17 1
17 2
17 16
17 3
17 19
17 20
17 26
17 4
17 5
17 6
17 37
17 38
17 8
17 11
17 43
17 39
17 10
17 41
17 14
17 42
17 15
17 44
17 80
17 46
17 47
17 48
17 51
17 21
17 22
17 84
17 23
17 24
17 25
17 57
17 58
17 62
17 64
17 65
17 29
17 30
17 31
17 67
17 68
17 32
17 69
17 36
46 2
46 19
46 26
46 5
46 37
46 38
46 11
46 17
46 14
46 18
46 21
46 22
46 24
46 61
46 31
46 32
46 35
46 36
18 1
18 2
18 3
18 19
18 20
18 5
18 37
18 38
18 46
18 10
18 14
18 21
18 22
18 24
18 29
18 30
18 31
18 32
18 69
18 35
18 36
90 5
90 30
21 1
21 2
21 16
21 3
21 19
21 20
21 26
21 5
21 6
21 37
21 38
21 8
21 11
21 17
21 46
21 18
21 39
21 10
21 12
21 41
21 14
21 48
21 51
21 22
21 53
21 23
21 24
21 57
21 58
21 59
21 27
21 61
21 62
21 64
21 29
21 30
21 31
21 68
21 32
21 35
21 36
22 1
22 2
22 16
22 3
22 19
22 20
22 26
22 5
22 6
22 37
22 38
22 8
22 17
22 46
22 18
22 21
22 39
22 10
22 12
22 14
22 42
22 15
22 49
22 50
22 53
22 23
22 24
22 25
22 57
22 58
22 59
22 27
22 61
22 64
22 29
22 30
22 31
22 32
22 35
22 36
53 2
53 19
53 5
53 21
53 22
24 1
24 2
24 3
24 19
24 26
24 5
24 37
24 38
24 17
24 46
24 18
24 21
24 22
24 14
24 61
24 29
24 30
24 31
24 32
24 35
24 36
59 2
59 19
59 37
59 21
59 22
59 30
60 2
60 5
60 37
60 14
64 2
64 19
64 20
64 37
64 17
64 21
64 22
31 1
31 2
31 3
31 19
31 26
31 5
31 6
31 37
31 38
31 8
31 11
31 17
31 46
31 18
31 21
31 22
31 24
31 14
31 23
31 61
31 30
31 32
31 35
31 36
32 1
32 2
32 3
32 19
32 20
32 26
32 5
32 6
32 37
32 38
32 8
32 11
32 17
32 46
32 18
32 21
32 22
32 24
32 31
32 14
32 55
32 61
32 29
32 30
32 35
32 36
69 2
69 16
69 3
69 19
69 20
69 26
69 5
69 37
69 8
69 11
69 43
69 17
69 18
69 39
69 74
69 10
69 41
69 14
69 42
69 15
69 80
69 49
69 51
69 52
69 62
69 65
69 29
69 30
69 68
69 70
78 19
7 1
7 2
7 16
7 20
7 5
7 14
7 23
10 1
10 2
10 16
10 3
10 19
10 20
10 26
10 5
10 6
10 38
10 8
10 11
10 17
10 18
10 21
10 22
10 69
10 12
10 14
10 23
10 57
10 36
12 1
12 2
12 16
12 3
12 20
12 5
12 21
12 22
12 10
12 14
12 23
12 27
14 1
14 2
14 16
14 3
14 19
14 20
14 26
14 4
14 5
14 6
14 38
14 8
14 11
14 43
14 17
14 46
14 18
14 21
14 22
14 24
14 60
14 31
14 32
14 69
14 7
14 10
14 12
14 39
14 96
14 74
14 97
14 41
14 42
14 15
14 44
14 80
14 81
14 47
14 48
14 51
14 52
14 84
14 73
14 23
14 25
14 57
14 27
14 61
14 62
14 65
14 29
14 30
14 83
14 67
14 76
14 68
14 77
14 70
14 35
14 36
15 1
15 2
15 16
15 3
15 20
15 26
15 5
15 8
15 17
15 22
15 69
15 14
23 1
23 2
23 16
23 3
23 19
23 20
23 26
23 5
23 8
23 11
23 17
23 21
23 22
23 31
23 7
23 10
23 12
23 14
27 1
27 2
27 5
27 21
27 22
27 12
27 14
27 13
28 1
33 1
33 2
34 1
34 2
34 5
35 1
35 2
35 3
35 19
35 20
35 5
35 38
35 46
35 18
35 21
35 22
35 24
35 31
35 32
35 14
35 36
58 2
58 5
58 38
58 17
58 21
58 22
61 2
61 5
61 38
61 46
61 21
61 22
61 24
61 31
61 32
61 14
95 38
30 1
30 2
30 16
30 3
30 19
30 20
30 26
30 5
30 94
30 8
30 43
30 17
30 18
30 90
30 21
30 22
30 24
30 59
30 31
30 32
30 69
30 14
30 80
36 1
36 2
36 16
36 3
36 19
36 20
36 26
36 5
36 38
36 11
36 17
36 46
36 18
36 21
36 22
36 24
36 31
36 32
36 10
36 14
36 35
36 29
39 2
39 16
39 3
39 20
39 26
39 5
39 8
39 11
39 17
39 21
39 22
39 69
39 14
39 41
39 47
39 62
39 65
39 29
39 67
39 76
39 68
41 2
41 16
41 3
41 20
41 26
41 5
41 8
41 11
41 17
41 21
41 69
41 14
41 39
41 47
41 62
41 65
41 29
41 67
41 68
81 20
81 14
81 76
47 2
47 16
47 3
47 20
47 26
47 5
47 8
47 17
47 14
47 39
47 41
47 62
47 65
47 29
47 67
47 70
62 2
62 16
62 3
62 20
62 26
62 5
62 8
62 11
62 17
62 21
62 69
62 14
62 39
62 41
62 47
62 42
62 44
62 84
62 57
62 65
62 29
62 67
62 68
62 70
65 2
65 16
65 3
65 20
65 26
65 8
65 17
65 69
65 14
65 39
65 41
65 47
65 62
65 74
65 29
65 67
29 1
29 2
29 16
29 3
29 19
29 20
29 26
29 5
29 8
29 11
29 17
29 18
29 21
29 22
29 24
29 32
29 69
29 14
29 36
29 39
29 41
29 47
29 62
29 65
29 97
29 42
29 98
29 44
29 51
29 52
29 84
29 99
29 57
29 83
29 67
29 68
29 70
67 2
67 16
67 3
67 20
67 26
67 8
67 17
67 14
67 39
67 41
67 47
67 62
67 65
67 29
76 3
76 20
76 14
76 39
76 81
68 2
68 16
68 3
68 20
68 26
68 5
68 8
68 11
68 17
68 21
68 69
68 14
68 39
68 41
68 62
68 29
68 42
68 98
68 44
68 84
68 57
96 14
51 2
51 16
51 3
51 19
51 20
51 26
51 5
51 8
51 17
51 21
51 69
51 14
51 29
74 3
74 20
74 69
74 14
74 65
74 80
80 20
80 17
80 69
80 14
80 30
80 74
97 14
97 29
97 84
97 70
84 26
84 17
84 14
84 62
84 29
84 68
84 97
84 99
70 2
70 20
70 69
70 14
70 47
70 62
70 29
70 97
70 52
42 2
42 16
42 3
42 20
42 26
42 5
42 8
42 17
42 22
42 69
42 14
42 62
42 29
42 68
42 44
42 57
44 2
44 16
44 3
44 20
44 26
44 5
44 8
44 17
44 14
44 62
44 29
44 68
44 42
44 98
44 57
48 2
48 16
48 3
48 20
48 26
48 5
48 8
48 11
48 17
48 21
48 14
73 16
73 3
73 14
25 1
25 2
25 3
25 19
25 20
25 26
25 5
25 6
25 17
25 22
25 14
57 2
57 16
57 3
57 20
57 26
57 5
57 8
57 17
57 21
57 22
57 10
57 14
57 62
57 29
57 68
57 42
57 44
9 1
9 5
13 1
13 2
13 19
13 5
13 27
49 2
49 19
49 22
49 69
75 3
40 2
85 5
86 5
87 5
98 29
98 68
98 44
45 2
88 5
50 2
50 20
50 5
50 22
52 2
52 3
52 20
52 5
52 69
52 14
52 29
52 70
54 2
82 20
55 2
55 32
56 2
93 6
63 2
66 2
83 20
83 14
83 29
77 3
77 20
77 14
71 2
72 2
99 29
99 84
91 5
89 5
92 5
